ur10_params:
  L1: 0.118
  L2: 0.1157
  L3: 0.6127
  L4: 0.0922
  L5: 0.6873
  L6: 0.1
  L7: 0.15
  L8: 0.30635
  L9: 0.010
  L10: 0.34365
  L11: 0.1157
  L12: 0.05785
  L13: 0.05785
  L14: 0.0461
  m1: 1.0
  m2: 1.0
  m3: 1.0
  m4: 1.0
  m5: 1.0
  m6: 1.0
  I111: 0.04
  I112: 0.02
  I113: 0.02
  I122: 0.04
  I123: 0.02
  I133: 0.04
  I211: 0.04
  I212: 0.02
  I213: 0.02
  I222: 0.04
  I223: 0.02
  I233: 0.04
  I311: 0.04
  I312: 0.02
  I313: 0.02
  I322: 0.04
  I323: 0.02
  I333: 0.04
  I411: 0.04
  I412: 0.02
  I413: 0.02
  I422: 0.04
  I423: 0.02
  I433: 0.04
  I511: 0.04
  I512: 0.02
  I513: 0.02
  I522: 0.04
  I523: 0.02
  I533: 0.04
  I611: 0.04
  I612: 0.02
  I613: 0.02
  I622: 0.04
  I623: 0.02
  I633: 0.04
  b1: 0.1
  b2: 0.1
  b3: 0.1
  b4: 0.1
  b5: 0.1
  b6: 0.1
  g: 9.81
  gx: 0
  gy: 0
  gz: 1
